Medeltemperatur inomhus
201606 24,7
201607 26,3
201608 25,6
201609 23,3
201610 22,4
201611 22,8
201612 21,8
Medelluftfuktighet inomhus
201606 29
201607 42
201608 35
201609 42
201610 27
201611 19
201612 16
Medeltemperatur utomhus
201606 15,8
201607 20,2
201608 18,1
201609 16,2
201610 8,2
201611 3,3
201612 2,5
Medelluftfuktighet utomhus
201606 53
201607 53
201608 49
201609 60
201610 65
201611 83
201612 78
Hösten anlände 20161004 med temperaturen 7,3
Vintern anlände nästan 20161106 med temperaturen -1
